#taxid	Nalignments	Direction	Pos	AA	AC	AG	AT	CA	CC	CG	CT	GA	GC	GG	GT	TA	TC	TG	TT
0	727525	5'	0	386059	96	173	58	64	175108	175	109	179	76	69011	163	1972	825	81	93357
0	727525	5'	1	403468	198	250	56	50	83388	29	348	360	251	32891	30	60	2542	53	175165
0	727525	5'	2	155648	4	1176	15	96	87266	200	349	145	78	48327	152	13	239	33	432922
0	727525	5'	3	103825	39	80	32	17	414267	13	199	162	5	81453	39	70	219	22	98314
0	727525	5'	4	454390	148	38	111	115	145782	33	329	119	133	24907	58	66	1010	16	99540
0	727525	5'	5	33248	4	189	32	38	279277	3	146	69	165	59702	183	121	195	9	128969
0	727525	5'	6	64898	64	180	24	45	174527	77	132	101	43	31456	424	63	161	16	426017
0	727525	5'	7	159231	39	524	31	35	53399	28	195	310	17	449541	41	183	93	9	63370
0	727525	5'	8	65322	76	174	1030	92	140417	30	126	229	278	60771	59	2	338	32	152155
0	727525	5'	9	127241	40	2423	35	52	90964	3	710	318	13	22973	53	34	321	16	481767
0	727525	5'	10	61492	13	143	47	23	89448	7	601	250	49	357892	192	16	71	4	159956
0	727525	5'	11	92274	21	98	23	15	84430	18	104	105	108	61854	137	157	56	45	487585
0	727525	5'	12	33243	7	212	19	86	115839	27	1202	177	29	23496	73	21	505	7	552087
0	727525	5'	13	33072	72	126	56	8	115495	42	176	114	92	84192	57	53	147	38	493464
0	727525	5'	14	185423	3	202	77	4	385843	96	201	96	9	60071	44	10	185	0	65774
0	727525	3'	0	64049	30	118	62	79	484593	126	247	220	13	21722	106	126	144	102	155782
0	727525	3'	1	118874	29	412	46	53	36107	212	192	192	15	499460	23	171	127	98	71007
0	727525	3'	2	99225	91	142	28	84	135592	32	230	244	16	28809	50	33	132	96	460479
0	727525	3'	3	124279	13	133	49	29	80770	2	374	263	74	417581	39	46	693	65	102449
0	727525	3'	4	156393	24	345	17	78	279764	13	171	55	15	54554	9	57	164	8	95226
0	727525	3'	5	149759	83	58	32	40	88125	62	113	439	44	451972	71	11	137	11	36023
0	727525	3'	6	97479	92	125	26	50	111481	486	250	148	28	25266	17	119	170	18	491346
0	727525	3'	7	97000	41	78	25	67	413108	24	227	253	7	57081	93	30	8293	80	150664
0	727525	3'	8	118808	14	608	95	21	112908	8	292	1466	206	423730	46	17	188	112	68369
0	727525	3'	9	30613	10	177	21	62	53580	216	187	77	0	90641	19	21	56	48	549602
0	727525	3'	10	122722	53	134	35	17	59811	39	199	94	44	116475	94	24	255	52	427015
0	727525	3'	11	122348	55	173	72	25	81173	82	200	219	35	62829	27	34	205	38	93452
0	727525	3'	12	71904	111	124	84	164	537112	11	96	285	31	26308	17	18	268	29	90373
0	727525	3'	13	95798	131	222	7	11	56330	57	435	165	22	452988	37	68	131	68	90970
0	727525	3'	14	154391	15	75	26	114	52618	42	1286	235	13	56736	24	64	130	36	461316
1	113567	5'	0	23495	795	330	657	664	37351	28	585	310	251	29867	26	85	1257	151	17706
1	113567	5'	1	29128	135	177	690	135	22331	64	50	221	37	29396	46	91	254	54	30659
1	113567	5'	2	34964	466	204	92	96	22403	40	91	219	2081	16507	79	52	69	61	35696
1	113567	5'	3	50852	49	66	35	850	13051	619	230	154	29	19448	46	172	238	20	23242
1	113567	5'	4	31625	1466	1063	62	432	20782	55	3490	462	17	38436	32	390	779	78	13390
1	113567	5'	5	28342	64	126	3189	400	23917	642	47	84	21	32226	22	685	150	52	22660
1	113567	5'	6	16217	84	258	362	17	59445	17	421	9	59	17378	1595	3	322	160	16119
1	113567	5'	7	32944	67	305	605	65	27588	365	27	40	21	36788	34	16	155	95	13793
1	113567	5'	8	35749	149	241	19	105	26508	17	71	45	64	18331	20	435	460	65	30868
1	113567	5'	9	23418	66	444	713	47	18535	65	124	78	31	36572	57	33	156	467	32133
1	113567	5'	10	42825	121	90	708	49	17049	26	21	184	41	27620	23	119	170	23	23840
1	113567	5'	11	49636	31	120	30	89	19251	17	38	562	33	25639	24	73	1670	83	11486
1	113567	5'	12	43223	52	3408	25	49	19992	52	177	719	13	29680	5	54	147	81	15237
1	113567	5'	13	23578	89	342	43	46	38669	77	55	62	34	39540	8	246	236	75	10156
1	113567	5'	14	31212	44	176	82	82	20130	11	264	73	11	21640	88	128	128	36	38813
1	113567	3'	0	18268	140	599	114	72	29100	273	179	80	24	37723	228	45	2196	295	24197
1	113567	3'	1	17348	60	266	187	100	17385	55	6342	14	32	31116	160	632	219	76	38879
1	113567	3'	2	28497	132	89	71	34	32569	124	48	111	29	10359	43	82	113	36	36726
1	113567	3'	3	31569	21	117	905	94	19554	52	935	34	45	22057	72	87	41	42	37830
1	113567	3'	4	45719	68	110	22	72	23184	394	41	100	39	25936	38	50	73	69	16403
1	113567	3'	5	23291	42	300	44	89	35621	18	29	25	30	38671	30	33	189	109	14417
1	113567	3'	6	13074	191	123	40	3	40137	28	2504	24	56	21441	99	15	253	65	30324
1	113567	3'	7	29465	88	331	42	61	24461	23	296	116	8	31030	46	243	274	982	20651
1	113567	3'	8	50267	56	180	41	68	10295	32	58	54	17	39979	22	472	176	133	11030
1	113567	3'	9	36633	52	263	43	33	23004	33	35	54	16	32042	70	74	119	64	20581
1	113567	3'	10	32754	68	13642	39	53	21970	35	192	149	27	19009	38	74	197	62	24105
1	113567	3'	11	37808	38	3255	34	71	21643	66	60	66	18	22567	21	52	170	60	27219
1	113567	3'	12	23303	112	149	52	36	15091	16	6270	36	9	40847	68	190	31	38	26697
1	113567	3'	13	32096	54	938	41	56	17592	47	155	228	18	28128	73	34	60	78	33428
1	113567	3'	14	27380	93	105	52	105	37141	11	109	35	47	11784	83	29	134	29	36137
2	110257	5'	0	24798	669	103	660	1120	33020	37	1128	27	113	27728	33	78	1276	88	19316
2	110257	5'	1	32821	73	229	794	37	16687	122	141	124	26	26526	61	65	206	31	32285
2	110257	5'	2	35418	682	272	40	109	19572	26	43	123	2373	14992	75	86	59	62	35931
2	110257	5'	3	46003	45	30	30	1452	12678	1084	27	135	14	19392	34	184	269	34	25140
2	110257	5'	4	36822	1345	1569	35	642	19017	47	3868	585	27	34128	19	360	1251	92	10298
2	110257	5'	5	29203	47	99	3604	674	20912	1120	53	111	12	33780	6	584	201	57	19141
2	110257	5'	6	21361	79	229	514	30	50283	11	440	1	44	16497	1687	17	239	158	17239
2	110257	5'	7	29695	32	218	567	27	23526	566	23	61	11	37354	72	42	121	60	17292
2	110257	5'	8	36082	97	99	19	35	23062	10	102	20	29	18987	27	649	406	26	30552
2	110257	5'	9	19891	45	462	534	7	18867	40	113	117	8	38711	70	18	93	588	30600
2	110257	5'	10	46530	61	179	1019	22	16671	38	34	162	22	22330	15	80	198	33	22820
2	110257	5'	11	43998	32	131	21	54	17073	73	81	95	8	31308	14	66	1888	86	11628
2	110257	5'	12	40009	38	3442	27	40	21007	21	16	793	20	28522	2	56	127	56	16032
2	110257	5'	13	27823	44	2484	50	43	32734	72	83	43	19	36318	7	149	150	97	10105
2	110257	5'	14	28074	64	110	35	14	18953	15	217	86	23	21225	61	194	159	84	40915
2	110257	3'	0	17052	153	708	42	28	29603	58	42	260	55	38826	112	50	2104	128	20964
2	110257	3'	1	15749	38	221	164	42	14900	50	5693	46	18	30083	42	547	113	76	41243
2	110257	3'	2	35163	113	81	41	28	29135	273	38	49	40	9758	15	83	128	35	31576
2	110257	3'	3	29633	27	95	834	25	17060	13	786	84	5	25449	32	71	457	126	35549
2	110257	3'	4	44704	39	138	17	35	23356	356	45	151	30	23920	26	85	91	74	15908
2	110257	3'	5	25796	70	391	33	19	31711	42	39	17	31	35975	10	37	306	132	15330
2	110257	3'	6	14333	75	145	53	1	40783	29	1972	33	34	21419	63	12	225	53	27021
2	110257	3'	7	26479	44	418	14	33	25066	18	222	73	215	31590	27	283	416	1296	19140
2	110257	3'	8	42130	54	251	111	28	10376	35	15	83	11	44174	77	464	149	145	11740
2	110257	3'	9	38421	54	159	22	57	19299	16	22	60	7	33199	8	53	167	52	18636
2	110257	3'	10	32001	47	11875	36	103	18871	42	82	94	24	20855	9	66	346	328	25421
2	110257	3'	11	36722	26	5324	26	68	18791	29	40	49	22	23313	11	22	131	79	25576
2	110257	3'	12	24334	59	114	57	57	19956	27	5845	47	3	36788	35	67	47	56	22735
2	110257	3'	13	33633	52	122	47	10	17495	22	122	57	10	25294	14	17	59	74	33208
2	110257	3'	14	33745	71	86	67	96	32918	6	32	39	36	11188	35	81	138	12	31688