#taxid	Nalignments	Direction	Pos	AA	AC	AG	AT	CA	CC	CG	CT	GA	GC	GG	GT	TA	TC	TG	TT
0	57733890	5'	0	11164296	58664	131876	251936	62709	6743073	40477	4784754	118025	43321	7989751	235593	60238	107472	55674	25886028
0	57733890	5'	1	15321580	48693	122794	136095	85677	7855100	47783	2124040	127679	33112	9407487	119933	80590	94416	59651	22036062
0	57733890	5'	2	17651168	56489	124376	93765	91276	9176057	43996	1072446	141094	40279	9798726	97024	78695	114549	62610	19069044
0	57733890	5'	3	18535959	56368	122129	85453	83592	9205846	39813	662443	144215	47039	10395733	91132	76784	118823	61008	17975513
0	57733890	5'	4	18933273	56997	126738	77416	77752	9630766	43108	433087	145544	38843	10413126	81596	77266	113888	58387	17358004
0	57733890	5'	5	18507550	58748	120068	79109	76285	9685507	38118	345194	148415	37922	10373477	85990	68526	109291	55100	17891728
0	57733890	5'	6	17942612	54444	116336	69814	81133	10064387	40537	311014	154433	40554	10022611	87282	70616	118695	54558	18457891
0	57733890	5'	7	17905553	61004	121119	75081	83199	10338471	40873	290787	156852	40797	10132129	82906	71679	117488	55821	18121813
0	57733890	5'	8	17518345	52924	114645	66735	77137	10290829	39634	253860	150671	39664	10453985	81325	66856	111662	53932	18325818
0	57733890	5'	9	17553769	51210	110229	64772	70588	10227022	35795	240584	144538	41593	10568921	74902	66575	107503	54202	18284853
0	57733890	5'	10	17953651	50372	109983	67543	72404	10533734	40226	242611	141392	36735	10068332	75070	64489	111718	53357	18079301
0	57733890	5'	11	18270600	54986	112698	64673	71047	10122517	37060	244450	145191	38185	10348494	75210	64027	110791	52994	17886698
0	57733890	5'	12	18019676	51618	109799	66199	71144	10249907	34768	264315	141997	35440	10420413	78691	63635	107857	52148	17932612
0	57733890	5'	13	18177529	55529	109130	66059	71282	9927313	33849	272726	150807	34716	10504106	77223	62471	112582	52753	17992831
0	57733890	5'	14	18047410	50266	109674	70116	70792	10074661	36072	276617	146384	36554	10538129	80109	65620	109075	49521	17943065
0	57733890	3'	0	25727172	57716	113452	69030	249347	7833996	43363	125729	4957870	40747	6666298	70966	269642	140719	61982	11305857
0	57733890	3'	1	22153382	66999	101804	79457	129797	9409471	35462	131756	2192365	43262	7725905	84906	148993	128276	55824	15230122
0	57733890	3'	2	19191674	66075	116165	82921	105255	9623440	39617	145502	1105907	43181	9154401	92128	100403	134734	60523	17648919
0	57733890	3'	3	18011549	63931	117188	80754	90002	10325882	45306	148548	666085	44699	9208748	86661	89553	128595	60515	18537573
0	57733890	3'	4	17318771	63313	116689	74774	88549	10418168	39276	146818	439868	41850	9639792	83987	79941	130714	60293	18923096
0	57733890	3'	5	17890641	54583	112037	72581	88631	10339513	39122	153230	362364	41420	9637178	77703	79940	126202	59323	18545593
0	57733890	3'	6	18510760	57149	118933	72686	85012	10027490	42423	154976	313570	37251	10022305	77843	77792	112683	55077	17920741
0	57733890	3'	7	18181802	57042	118531	68673	86009	10062497	37792	155245	285957	39515	10363096	86853	77406	119280	59663	17890218
0	57733890	3'	8	18413358	53901	117413	66972	86860	10403351	44975	154637	268788	35490	10267316	79165	72127	118885	55536	17451618
0	57733890	3'	9	18369453	60087	114228	71651	78372	10486335	40180	160750	255983	39117	10186299	72919	75456	117056	55220	17507518
0	57733890	3'	10	18203374	57250	117846	70944	79539	10079627	35481	145542	262253	40912	10440690	77422	74253	114958	52175	17841808
0	57733890	3'	11	17944760	54170	110197	66140	73507	10328877	35661	154558	261248	37202	10072684	73259	71003	118033	58701	18236470
0	57733890	3'	12	18050255	52340	110379	62579	79059	10428455	38134	150416	269649	38292	10220249	71368	68786	115119	49065	17895780
0	57733890	3'	13	18146421	52288	110304	64717	79726	10426361	38228	148579	277472	35726	9945215	74301	65010	108861	51525	18073030
0	57733890	3'	14	17947880	53856	108252	62694	77559	10494331	39040	149735	278800	36186	10097156	71155	63925	110995	51352	18058430
1	25055907	5'	0	4669321	16477	57184	69926	23335	2916063	10060	2288616	56777	11580	3341666	78526	19808	46472	16898	11433196
1	25055907	5'	1	6629613	13464	53296	39104	26294	3271070	9412	980455	61796	8189	4088607	36525	23136	43250	14865	9744607
1	25055907	5'	2	7591709	15277	58121	26988	30078	3986574	10224	523332	67545	8480	4218341	28884	21878	51850	14842	8393425
1	25055907	5'	3	8202414	14975	51768	23224	28244	4102281	10047	319568	67397	9127	4419612	27060	24277	51792	15969	7678012
1	25055907	5'	4	8142792	14656	53458	20281	26631	4315029	9374	210861	69038	8760	4379008	24684	19123	54198	15556	7668156
1	25055907	5'	5	7921537	13735	52209	21280	23231	4243773	8658	175598	78594	9544	4379529	26323	19899	47945	13019	8000269
1	25055907	5'	6	7859850	14058	52988	19928	25034	4390823	7599	144405	75518	8772	4310093	25378	20471	51216	13798	8020350
1	25055907	5'	7	7887596	15535	51956	19191	25289	4368937	8368	124421	78587	9416	4397706	25940	20949	50940	15164	7942222
1	25055907	5'	8	7788852	14304	48421	18062	23255	4438722	8479	120605	71668	8406	4466148	26455	19092	50071	14621	7925583
1	25055907	5'	9	7767845	12291	47123	17560	23936	4496515	7784	115676	72981	7863	4467224	22795	16451	47723	13172	7907106
1	25055907	5'	10	7976008	14851	49377	16059	22039	4437743	9685	111387	68706	8204	4432929	22101	17452	48481	12735	7796265
1	25055907	5'	11	7967549	12386	45833	16869	23118	4385033	8413	120390	70566	6796	4441066	23939	17731	47212	12532	7844564
1	25055907	5'	12	7880644	14048	46811	19776	23160	4424276	7802	130346	70198	8294	4368616	22851	17405	45938	13321	7950600
1	25055907	5'	13	7837772	13730	46039	17150	22822	4449762	8786	139005	68056	7342	4409101	23191	16212	47154	13211	7925525
1	25055907	5'	14	7781005	13849	46678	16045	27286	4434782	8768	136920	73392	8602	4493699	23038	17562	47469	13084	7901684
1	25055907	3'	0	11384253	15991	47238	23298	82248	3279932	12744	59572	2369767	10561	2861818	22276	78342	58506	16136	4733223
1	25055907	3'	1	9844965	15612	43909	25064	36983	4046587	7597	64544	1009005	10899	3188801	27529	39534	57743	13336	6617951
1	25055907	3'	2	8471899	17566	53995	25737	32746	4140885	10231	69247	549013	9656	3938597	28000	29254	54987	17135	7598080
1	25055907	3'	3	7706093	15257	53920	22352	26364	4389616	10588	71240	334099	8886	4096695	29223	24755	55349	14799	8184325
1	25055907	3'	4	7662540	16643	54938	22173	26214	4414354	9741	71846	215196	9554	4271253	27697	21991	57185	15388	8133441
1	25055907	3'	5	8004330	14998	50670	20537	26063	4388876	8767	78698	168502	8848	4240110	23690	21125	53969	15075	7914262
1	25055907	3'	6	8041189	14262	51578	18888	24955	4278079	8908	75604	154353	7751	4390398	26292	20560	52830	13869	7860065
1	25055907	3'	7	7992005	15730	52343	20493	24708	4403604	8793	78447	126334	8063	4370509	24410	20396	52839	14515	7827441
1	25055907	3'	8	7967683	14672	52176	19188	26001	4443940	8351	74723	120838	8807	4444851	24466	21539	51432	13620	7749071
1	25055907	3'	9	7944726	14244	52380	18201	26016	4411164	8316	72024	126293	8015	4491246	24033	18636	53601	15270	7756952
1	25055907	3'	10	7875184	13514	50613	18537	27042	4416348	8601	73261	126006	7766	4395071	24206	18710	52057	14162	7921079
1	25055907	3'	11	7878596	13620	48540	17620	25004	4440769	7974	69830	127267	7588	4379613	21857	19062	47544	13259	7925428
1	25055907	3'	12	7997563	15118	46248	17544	24597	4359654	8742	72306	128653	8308	4393965	22439	18780	49670	13296	7866338
1	25055907	3'	13	7944909	12750	48468	17310	23527	4430368	7966	68402	140073	7386	4454007	22710	18333	46442	13599	7787749
1	25055907	3'	14	7991009	13620	47829	17021	23894	4442320	7234	71931	137342	7680	4404349	20413	16128	45985	11891	7785470
2	24803642	5'	0	4495386	16460	57122	70174	25259	3027654	10566	2371620	60133	12191	3446937	84799	19588	46183	17010	11042552
2	24803642	5'	1	6361246	13036	51334	37541	27319	3412683	9498	991894	62979	8813	4267793	38205	22204	43021	15019	9428480
2	24803642	5'	2	7302040	15034	56507	25699	31286	4118609	10351	530066	68493	8857	4385759	31099	21339	50982	14147	8123962
2	24803642	5'	3	7908300	14387	50093	22727	29414	4242155	10210	323046	69494	9504	4566740	27665	22907	51325	15379	7429905
2	24803642	5'	4	7813176	15416	52486	19611	28885	4494644	10129	223000	70832	9022	4527758	27855	19264	53433	15459	7398617
2	24803642	5'	5	7654493	13635	51773	21995	23784	4369637	8644	177886	83195	9403	4571860	29678	20115	47734	13412	7685410
2	24803642	5'	6	7566473	13687	52574	19362	25275	4555531	7860	148180	78677	8975	4458131	26023	20623	50211	13582	7742454
2	24803642	5'	7	7604418	14409	51479	18748	26413	4509792	8442	127462	83004	9734	4565856	26459	20502	50329	15400	7656122
2	24803642	5'	8	7532236	13689	47757	17688	23955	4566145	8698	126369	74437	8440	4632838	26673	18472	48712	14531	7629929
2	24803642	5'	9	7487329	12274	46047	16732	25298	4642728	7788	122355	76196	7881	4639204	24901	16151	46662	12767	7607394
2	24803642	5'	10	7683371	14572	47827	16373	23300	4629614	9331	119767	71436	7921	4556363	24444	17629	48075	12158	7508701
2	24803642	5'	11	7702823	12539	46296	16296	24362	4506083	8925	126576	73521	7474	4604685	25958	17132	44956	12680	7561024
2	24803642	5'	12	7610777	13979	45659	19833	25450	4573845	8427	139235	73968	8293	4503985	23710	16969	44968	12928	7669120
2	24803642	5'	13	7558911	13387	45675	16729	24009	4583716	8516	151138	72130	7323	4574704	23820	15846	45898	12889	7637577
2	24803642	5'	14	7519224	13252	45862	15636	28572	4571890	8864	144061	76811	8448	4656344	23476	17414	46569	12487	7602431
2	24803642	3'	0	11006061	15814	48224	22946	86901	3383702	13697	63119	2455900	11023	2964480	23667	76451	58175	15860	4557611
2	24803642	3'	1	9526958	16115	42719	23712	37829	4220091	8067	66819	1026730	10766	3334809	28197	38336	56848	13397	6346460
2	24803642	3'	2	8226082	16501	52114	25074	34545	4299953	10729	72354	558420	9868	4064270	29894	27850	53772	16492	7296658
2	24803642	3'	3	7451941	15579	53532	22079	28453	4557705	10776	74212	342113	8846	4221104	30532	24474	54076	14656	7880961
2	24803642	3'	4	7379082	16415	53977	21944	27188	4570424	10305	75339	223426	9362	4446056	28876	21822	56628	15301	7821349
2	24803642	3'	5	7701994	15219	49425	19769	27318	4586060	8669	81341	172693	8796	4356787	24817	21119	52851	14924	7643908
2	24803642	3'	6	7755506	14307	51375	18555	24828	4440582	9331	79975	161046	7816	4535218	26708	19915	51062	13774	7577021
2	24803642	3'	7	7711818	15047	51692	19596	25947	4570243	8929	81648	134632	8630	4507019	26082	20390	52358	13678	7540193
2	24803642	3'	8	7690246	14272	51298	19433	27798	4598844	8038	77132	127326	8777	4576016	26173	20324	50200	13559	7479414
2	24803642	3'	9	7633337	14175	50443	18574	26618	4586349	8305	75021	135178	8305	4661796	25363	17549	51458	15201	7461453
2	24803642	3'	10	7589696	13332	50752	18227	28013	4559185	8435	76229	134914	7693	4577384	25064	18766	50608	14024	7616905
2	24803642	3'	11	7569821	13300	48033	17252	25828	4602915	8082	71704	134733	7643	4526848	22796	18411	47040	12794	7663162
2	24803642	3'	12	7715820	15066	45602	17710	26097	4493027	8189	74006	133732	8528	4548485	25007	18694	49280	12685	7598757
2	24803642	3'	13	7661451	12029	47644	17153	24889	4593942	8077	71932	148868	7535	4588114	23476	18126	46127	13557	7509017
2	24803642	3'	14	7694623	13278	47484	16894	24631	4621323	7292	74149	148207	8012	4531976	20459	15889	44832	11488	7511141